0.977489881	0.017872657	0.00101846	0.001822153	0.000924246	1.84E-04	1.55E-04	8.27E-05	6.13E-05	2.98E-05	3.20E-05	1.35E-05	1.07E-05	7.47E-06	0.000296442
0.066856614	0.872323031	0.04966702	0.008305025	0.001702233	0.000295327	0.000186483	6.63E-05	6.97E-05	4.31E-05	3.26E-05	1.32E-05	8.60E-06	1.17E-05	0.000418967
0.022201274	0.142849423	0.667813478	0.141851278	0.019799453	0.002274101	0.001488777	0.000546216	0.000279419	0.000164572	1.27E-04	4.66E-05	1.16E-05	5.44E-06	0.00054166
0.04221223	0.028122996	0.100188932	0.676194638	0.127893921	0.012546308	0.005237552	0.002271125	0.001817736	0.000842967	0.000654282	1.87E-04	5.61E-05	2.65E-05	0.001748086
0.026536315	0.009705382	0.019847465	0.123539737	0.681364309	0.09076356	0.028796584	0.008922526	0.0049198	0.001775786	0.001121919	0.000474824	0.000225192	0.000154985	0.001851615
0.01383294	0.00407735	0.008095769	0.039082336	0.197656129	0.48937424	0.179461788	0.040912684	0.014636085	0.005827909	0.003116109	0.001026182	0.000528344	0.000442064	0.001930072
0.010935439	0.003494633	0.006024601	0.025108973	0.081566877	0.140657079	0.493591874	0.16130992	0.049208331	0.013721642	0.007586718	0.002867822	0.001078842	0.000629942	0.002217307
0.005882938	0.001465628	0.002683622	0.012801561	0.041384268	0.043563833	0.153510273	0.48465048	0.183046498	0.042122834	0.016125214	0.004858453	0.00225338	0.001428437	0.004222582
0.006208454	0.001628106	0.002642903	0.00952737	0.029214441	0.027573403	0.063661055	0.149242773	0.473693508	0.156587187	0.051655831	0.014354461	0.006090274	0.003498931	0.004421303
0.004468144	0.000651974	0.001143787	0.00454849	0.01361271	0.01172102	0.026297239	0.048942069	0.170077447	0.467172501	0.180584898	0.043369829	0.015144214	0.00772534	0.004540339
0.00427901	0.00088587	0.000983015	0.003804628	0.009427911	0.008869238	0.017692867	0.027173589	0.073550431	0.150249075	0.466782579	0.15462954	0.050723261	0.026375203	0.004573782
0.002006958	0.000960404	0.000611478	0.002187566	0.006309905	0.005347039	0.010142237	0.013465103	0.031854076	0.0526238	0.17910076	0.436887765	0.166383057	0.08746567	0.004654182
0.002282954	0.00027598	0.000506549	0.001416633	0.00383809	0.003102167	0.007024068	0.009658567	0.021239002	0.031483398	0.085324861	0.1668869	0.353946742	0.308070222	0.004943868
0	0	0	0	0	0	0	0	0	0	0	0	0	0.993289401	0.006710599
0	0	0	0	0	0	0	0	0	0	0	0	0	0	1
0.978875224	0.019017743	0.001100081	0.000353741	0.000160752	4.29E-05	5.62E-05	3.29E-05	2.96E-05	1.75E-05	1.12E-05	2.21E-06	2.32E-06	3.21E-06	0.000294373
0.079200041	0.862538159	0.046833863	0.007800119	0.002022147	0.00036863	0.000300628	1.75E-04	1.15E-04	7.35E-05	9.91E-05	2.52E-05	1.49E-05	1.43E-05	0.000419055
0.019943328	0.152183678	0.681439923	0.121519949	0.018055828	0.00269572	0.001628024	0.000671601	0.000583484	0.000262438	2.32E-04	0.000118164	1.04E-04	3.54E-05	0.000526988
0.010148655	0.040173084	0.123891016	0.677856584	0.123404559	0.012386504	0.004992762	0.002204458	0.001635063	0.000754304	0.000520724	1.68E-04	7.81E-05	3.96E-05	0.001746375
0.004829012	0.015858305	0.030947615	0.133697663	0.671698194	0.0939327	0.028346642	0.009167853	0.005325501	0.001923195	0.001466529	0.000512329	0.000202739	0.000233492	0.001858232
0.002586168	0.008016388	0.012011504	0.041935719	0.197623497	0.498073359	0.174507758	0.038337868	0.015105076	0.004694804	0.003047487	0.001218924	0.000475076	0.000437426	0.001928946
0.002172027	0.006651281	0.009600057	0.026302042	0.080390346	0.144306281	0.494827938	0.159209124	0.046786121	0.014310387	0.008359475	0.003053449	0.001125347	0.000690896	0.002215229
0.001384989	0.003559946	0.004780692	0.014147095	0.037121967	0.044970571	0.161893668	0.489993852	0.169579659	0.041244739	0.017189676	0.005461063	0.002473791	0.001984626	0.004213668
0.001374602	0.004577126	0.00554189	0.012654021	0.028403948	0.025157486	0.06784746	0.154730616	0.44442821	0.163198419	0.057511091	0.017458864	0.007910249	0.004792122	0.004413896
0.001321829	0.00262666	0.002507571	0.005918314	0.013630086	0.011286964	0.027311954	0.050107872	0.16203068	0.446446663	0.191940761	0.049194346	0.019994702	0.01114148	0.004540119
0.000660552	0.001541478	0.001938173	0.003405839	0.00968309	0.007905934	0.020259064	0.028370117	0.071286405	0.156487893	0.452226237	0.157558865	0.054916933	0.029181346	0.004578074
0.000699428	0.000794692	0.000841767	0.002095555	0.004763222	0.004031482	0.010399945	0.014004823	0.032720298	0.055597637	0.158556602	0.451485574	0.16677673	0.092566623	0.004665622
0.00133816	0.000643633	0.000391535	0.001708213	0.00286128	0.00326205	0.006590004	0.008304672	0.020159719	0.027223513	0.061752613	0.150266137	0.379333938	0.331195564	0.004968968
0	0	0	0	0	0	0	0	0	0	0	0	0	0.993289401	0.006710599
0	0	0	0	0	0	0	0	0	0	0	0	0	0	1
0.979961063	0.014819187	0.0009815	0.002239377	0.001091747	1.93E-04	1.46E-04	9.46E-05	6.76E-05	3.58E-05	4.42E-05	8.12E-06	1.69E-05	3.60E-06	0.000296756
0.07402776	0.853984477	0.055931389	0.012729809	0.002121471	0.000255398	0.000249746	1.40E-04	5.92E-05	1.66E-05	4.91E-05	8.17E-06	3.75E-06	1.73E-06	0.00042131
0.024942663	0.161490271	0.598231466	0.181791067	0.02534874	0.003320162	0.002202957	0.000813501	0.000892982	0.000199111	9.59E-05	4.05E-05	2.75E-05	2.12E-05	0.000581946
0.05630852	0.02640091	0.083365964	0.672431027	0.133700949	0.014388715	0.005561839	0.002194103	0.001797307	0.000899133	0.000557664	2.84E-04	1.87E-04	1.73E-04	0.001750188
0.030375885	0.005457455	0.013386275	0.115418838	0.69731193	0.096787256	0.02387728	0.007869482	0.004206984	0.001398593	0.001256653	0.000264058	0.000412329	0.000123167	0.001853814
0.011796513	0.001692231	0.003602613	0.032831293	0.166355041	0.571924263	0.157512006	0.032384978	0.012239521	0.004476779	0.001705517	0.000550962	0.00055449	0.000455612	0.001918181
0.011783507	0.002396008	0.003627727	0.02113107	0.060551007	0.13376133	0.535480683	0.159777149	0.049634066	0.010600383	0.005068517	0.001406319	0.001702974	0.000879783	0.002199477
0.004200792	0.001220326	0.00153968	0.011482527	0.029878274	0.037770681	0.138657893	0.531219789	0.185101454	0.034214572	0.01251183	0.003747015	0.002341548	0.001829266	0.004284355
0.005739425	0.000524235	0.002155534	0.008345815	0.02167801	0.020580328	0.050777417	0.123087223	0.548944943	0.147953169	0.044268539	0.01218572	0.006741486	0.002553863	0.004464292
0.003666472	0.000247948	0.000567802	0.004624921	0.009509425	0.009394042	0.019486715	0.036240529	0.149766139	0.527650963	0.176573047	0.037631173	0.014582103	0.005501707	0.004557013
0.001637279	0.000754416	0.000750989	0.003800474	0.006868939	0.005627534	0.01107393	0.015913923	0.050691888	0.14193147	0.515640434	0.166671093	0.053572256	0.020474742	0.004590633
0.00256904	0.000784673	0.000254107	0.00249969	0.00287009	0.001418476	0.002999331	0.006342312	0.022002439	0.039170323	0.149765688	0.521404157	0.184457786	0.058817526	0.004644362
0.00115658	0.000132394	0.000114397	0.00128052	0.003357739	0.002401668	0.002701391	0.006244069	0.012731307	0.018484027	0.050094287	0.140698009	0.498102461	0.257619187	0.004881964
0	0	0	0	0	0	0	0	0	0	0	0	0	0.993289401	0.006710599
0	0	0	0	0	0	0	0	0	0	0	0	0	0	1
0.974498849	0.023056884	0.00133695	0.000317809	0.000214519	6.71E-05	5.62E-05	3.05E-05	7.61E-05	3.96E-05	7.16E-06	1.20E-06	1.18E-06	1.09E-06	0.000294765
0.074807741	0.86921656	0.045760704	0.007136217	0.001621346	0.000498957	0.000199609	1.06E-04	7.19E-05	2.46E-05	1.55E-05	7.54E-06	4.74E-05	6.77E-05	0.000418338
0.01632933	0.138297117	0.704751396	0.116735937	0.016716609	0.002558437	0.001469381	0.001118688	0.000443097	0.000413345	3.60E-04	6.87E-05	1.71E-04	4.41E-05	0.000522858
0.007516674	0.040114563	0.115983783	0.693074495	0.117463151	0.01363979	0.005106932	0.002361871	0.001186951	0.000802756	0.000394306	1.35E-04	3.53E-04	1.11E-04	0.001755077
0.003366946	0.016991664	0.035725767	0.135161653	0.65641251	0.102839091	0.029219719	0.009901454	0.004447048	0.001782914	0.001002014	0.000665242	0.000174246	0.000456016	0.001853715
0.003723553	0.006853871	0.01171001	0.04264639	0.180994283	0.510009867	0.172241656	0.04044686	0.016909294	0.006311717	0.002880174	0.001403909	0.000461628	0.00146786	0.001938928
0.004144341	0.008024409	0.011415463	0.027539255	0.086346398	0.141856126	0.47323761	0.164509756	0.055726913	0.014681237	0.006936166	0.001444975	0.001347426	0.000560453	0.002229472
0.003309865	0.00288521	0.006832332	0.014205914	0.031923291	0.040823562	0.144661328	0.480017417	0.199409128	0.049095162	0.016646706	0.0040164	0.001264109	0.000667202	0.004242373
0.000624286	0.00266221	0.004936085	0.006985272	0.023356272	0.020395302	0.05874335	0.12895725	0.491555959	0.184079724	0.054006121	0.011572291	0.0044609	0.003211834	0.004453144
0.000204658	0.000881983	0.003629535	0.005313976	0.008940036	0.008599437	0.018649945	0.037419722	0.145352008	0.525750973	0.186616107	0.033524969	0.013686657	0.00686865	0.004561345
0.000309287	0.001347917	0.001764756	0.003905246	0.006119305	0.00521196	0.012440074	0.019496237	0.049695937	0.143477527	0.54192281	0.149661122	0.042785204	0.017275428	0.004587189
0.001440627	0.000445017	0.000324089	0.000744062	0.002655671	0.002717239	0.005694103	0.008144912	0.017041854	0.037676014	0.13667658	0.525615025	0.19007494	0.066099242	0.004650623
0.000247786	0.00155115	0.000215971	0.000456602	0.002265064	0.003007586	0.003018608	0.00458299	0.010035521	0.018225559	0.054325559	0.14187638	0.484012813	0.271280391	0.004898021
0	0	0	0	0	0	0	0	0	0	0	0	0	0.993289401	0.006710599
0	0	0	0	0	0	0	0	0	0	0	0	0	0	1
